   500.000000       500.000000    
          20          18
          16
     8    10     2     1     1
     8    11     3     1     1
     7    13     4     1     1
     6    14     5     1     1
     5    16     6     1     1
     5    17     7     1     1
     4    19     8     1     1
     3    19     9     1     1
     2    18    10     1     1
     2    17    11     1     1
     3    16    12     1     1
     5    16    13     1     1
     6    15    14     1     1
     8    14    15     1     1
     9    13    16     1     1
    11    12    17     1     1
          18
    10    11     2     1     1
     9    12     3     1     1
     8    12     4     1     1
     6    13     5     1     1
     5    14     6     1     1
     4    14     7     1     1
     2    15     8     1     1
     2    16     9     1     1
     2    16    10     1     1
     3    17    11     1     1
     4    17    12     1     1
     4    16    13     1     1
     5    15    14     1     1
     6    14    15     1     1
     6    13    16     1     1
     7    11    17     1     1
     8    10    18     1     1
     8     9    19     1     1
         199         164
      250.0     4250.0
      250.0     4750.0
      750.0     4250.0
      750.0     4750.0
      250.0     5250.0
      750.0     5250.0
      750.0     3750.0
     1250.0     3750.0
     1250.0     4250.0
     1250.0     4750.0
     1250.0     5250.0
      750.0     5750.0
     1250.0     5750.0
     1250.0     3250.0
     1750.0     3250.0
     1750.0     3750.0
     1750.0     4250.0
     1750.0     4750.0
     1750.0     5250.0
     1750.0     5750.0
     1750.0     2250.0
     1750.0     2750.0
     2250.0     2250.0
     2250.0     2750.0
     2250.0     3250.0
     2250.0     3750.0
     2250.0     4250.0
     2250.0     4750.0
     2250.0     5250.0
     2250.0     5750.0
     1750.0     6250.0
     2250.0     6250.0
     2250.0     1750.0
     2750.0     1750.0
     2750.0     2250.0
     2750.0     2750.0
     2750.0     3250.0
     2750.0     3750.0
     2750.0     4250.0
     2750.0     4750.0
     2750.0     5250.0
     2750.0     5750.0
     2750.0     6250.0
     2250.0     6750.0
     2750.0     6750.0
     2750.0     1250.0
     3250.0     1250.0
     3250.0     1750.0
     3250.0     2250.0
     3250.0     2750.0
     3250.0     3250.0
     3250.0     3750.0
     3250.0     4250.0
     3250.0     4750.0
     3250.0     5250.0
     3250.0     5750.0
     3250.0     6250.0
     3250.0     6750.0
     3250.0      250.0
     3250.0      750.0
     3750.0      250.0
     3750.0      750.0
     3750.0     1250.0
     3750.0     1750.0
     3750.0     2250.0
     3750.0     2750.0
     3750.0     3250.0
     3750.0     3750.0
     3750.0     4250.0
     3750.0     4750.0
     3750.0     5250.0
     3750.0     5750.0
     3750.0     6250.0
     3750.0     6750.0
     3250.0     7250.0
     3750.0     7250.0
     4250.0      250.0
     4250.0      750.0
     4250.0     1250.0
     4250.0     1750.0
     4250.0     2250.0
     4250.0     2750.0
     4250.0     3250.0
     4250.0     3750.0
     4250.0     4250.0
     4250.0     4750.0
     4250.0     5250.0
     4250.0     5750.0
     4250.0     6250.0
     4250.0     6750.0
     4250.0     7250.0
     3750.0     7750.0
     4250.0     7750.0
     4750.0      250.0
     4750.0      750.0
     4750.0     1250.0
     4750.0     1750.0
     4750.0     2250.0
     4750.0     2750.0
     4750.0     3250.0
     4750.0     3750.0
     4750.0     4250.0
     4750.0     4750.0
     4750.0     5250.0
     4750.0     5750.0
     4750.0     6250.0
     4750.0     6750.0
     4750.0     7250.0
     4750.0     7750.0
     5250.0      750.0
     5250.0     1250.0
     5250.0     1750.0
     5250.0     2250.0
     5250.0     2750.0
     5250.0     3250.0
     5250.0     3750.0
     5250.0     4250.0
     5250.0     4750.0
     5250.0     5250.0
     5250.0     5750.0
     5250.0     6250.0
     5250.0     6750.0
     5250.0     7250.0
     5250.0     7750.0
     4750.0     8250.0
     5250.0     8250.0
     5750.0     1250.0
     5750.0     1750.0
     5750.0     2250.0
     5750.0     2750.0
     5750.0     3250.0
     5750.0     3750.0
     5750.0     4250.0
     5750.0     4750.0
     5750.0     5250.0
     5750.0     5750.0
     5750.0     6250.0
     5750.0     6750.0
     5750.0     7250.0
     5750.0     7750.0
     5750.0     8250.0
     6250.0     1250.0
     6250.0     1750.0
     6250.0     2250.0
     6250.0     2750.0
     6250.0     3250.0
     6250.0     3750.0
     6250.0     4250.0
     6250.0     4750.0
     6250.0     5250.0
     6250.0     5750.0
     6250.0     6250.0
     6250.0     6750.0
     6250.0     7250.0
     6250.0     7750.0
     6750.0     1750.0
     6750.0     2250.0
     6750.0     2750.0
     6750.0     3250.0
     6750.0     3750.0
     6750.0     4250.0
     6750.0     4750.0
     6750.0     5250.0
     6750.0     5750.0
     6750.0     6250.0
     6750.0     6750.0
     6750.0     7250.0
     7250.0     2250.0
     7250.0     2750.0
     7250.0     3250.0
     7250.0     3750.0
     7250.0     4250.0
     7250.0     4750.0
     7250.0     5250.0
     7250.0     5750.0
     7250.0     6250.0
     7250.0     6750.0
     7750.0     2250.0
     7750.0     2750.0
     7750.0     3250.0
     7750.0     3750.0
     7750.0     4250.0
     7750.0     4750.0
     7750.0     5250.0
     7750.0     5750.0
     7750.0     6250.0
     8250.0     2750.0
     8250.0     3250.0
     8250.0     3750.0
     8250.0     4250.0
     8250.0     4750.0
     8250.0     5250.0
     8750.0     3250.0
     8750.0     3750.0
     8750.0     4250.0
     8750.0     4750.0
     9250.0     3250.0
     9250.0     3750.0
     9250.0     4250.0
        1        2        4        3        2       10
        2        5        6        4        2       11
        7        3        9        8        3        9
        3        4       10        9        3       10
        4        6       11       10        3       11
        6       12       13       11        3       12
       14        8       16       15        4        8
        8        9       17       16        4        9
        9       10       18       17        4       10
       10       11       19       18        4       11
       11       13       20       19        4       12
       21       22       24       23        5        6
       22       15       25       24        5        7
       15       16       26       25        5        8
       16       17       27       26        5        9
       17       18       28       27        5       10
       18       19       29       28        5       11
       19       20       30       29        5       12
       20       31       32       30        5       13
       33       23       35       34        6        5
       23       24       36       35        6        6
       24       25       37       36        6        7
       25       26       38       37        6        8
       26       27       39       38        6        9
       27       28       40       39        6       10
       28       29       41       40        6       11
       29       30       42       41        6       12
       30       32       43       42        6       13
       32       44       45       43        6       14
       46       34       48       47        7        4
       34       35       49       48        7        5
       35       36       50       49        7        6
       36       37       51       50        7        7
       37       38       52       51        7        8
       38       39       53       52        7        9
       39       40       54       53        7       10
       40       41       55       54        7       11
       41       42       56       55        7       12
       42       43       57       56        7       13
       43       45       58       57        7       14
       59       60       62       61        8        2
       60       47       63       62        8        3
       47       48       64       63        8        4
       48       49       65       64        8        5
       49       50       66       65        8        6
       50       51       67       66        8        7
       51       52       68       67        8        8
       52       53       69       68        8        9
       53       54       70       69        8       10
       54       55       71       70        8       11
       55       56       72       71        8       12
       56       57       73       72        8       13
       57       58       74       73        8       14
       58       75       76       74        8       15
       61       62       78       77        9        2
       62       63       79       78        9        3
       63       64       80       79        9        4
       64       65       81       80        9        5
       65       66       82       81        9        6
       66       67       83       82        9        7
       67       68       84       83        9        8
       68       69       85       84        9        9
       69       70       86       85        9       10
       70       71       87       86        9       11
       71       72       88       87        9       12
       72       73       89       88        9       13
       73       74       90       89        9       14
       74       76       91       90        9       15
       76       92       93       91        9       16
       77       78       95       94       10        2
       78       79       96       95       10        3
       79       80       97       96       10        4
       80       81       98       97       10        5
       81       82       99       98       10        6
       82       83      100       99       10        7
       83       84      101      100       10        8
       84       85      102      101       10        9
       85       86      103      102       10       10
       86       87      104      103       10       11
       87       88      105      104       10       12
       88       89      106      105       10       13
       89       90      107      106       10       14
       90       91      108      107       10       15
       91       93      109      108       10       16
       95       96      111      110       11        3
       96       97      112      111       11        4
       97       98      113      112       11        5
       98       99      114      113       11        6
       99      100      115      114       11        7
      100      101      116      115       11        8
      101      102      117      116       11        9
      102      103      118      117       11       10
      103      104      119      118       11       11
      104      105      120      119       11       12
      105      106      121      120       11       13
      106      107      122      121       11       14
      107      108      123      122       11       15
      108      109      124      123       11       16
      109      125      126      124       11       17
      111      112      128      127       12        4
      112      113      129      128       12        5
      113      114      130      129       12        6
      114      115      131      130       12        7
      115      116      132      131       12        8
      116      117      133      132       12        9
      117      118      134      133       12       10
      118      119      135      134       12       11
      119      120      136      135       12       12
      120      121      137      136       12       13
      121      122      138      137       12       14
      122      123      139      138       12       15
      123      124      140      139       12       16
      124      126      141      140       12       17
      127      128      143      142       13        4
      128      129      144      143       13        5
      129      130      145      144       13        6
      130      131      146      145       13        7
      131      132      147      146       13        8
      132      133      148      147       13        9
      133      134      149      148       13       10
      134      135      150      149       13       11
      135      136      151      150       13       12
      136      137      152      151       13       13
      137      138      153      152       13       14
      138      139      154      153       13       15
      139      140      155      154       13       16
      143      144      157      156       14        5
      144      145      158      157       14        6
      145      146      159      158       14        7
      146      147      160      159       14        8
      147      148      161      160       14        9
      148      149      162      161       14       10
      149      150      163      162       14       11
      150      151      164      163       14       12
      151      152      165      164       14       13
      152      153      166      165       14       14
      153      154      167      166       14       15
      157      158      169      168       15        6
      158      159      170      169       15        7
      159      160      171      170       15        8
      160      161      172      171       15        9
      161      162      173      172       15       10
      162      163      174      173       15       11
      163      164      175      174       15       12
      164      165      176      175       15       13
      165      166      177      176       15       14
      168      169      179      178       16        6
      169      170      180      179       16        7
      170      171      181      180       16        8
      171      172      182      181       16        9
      172      173      183      182       16       10
      173      174      184      183       16       11
      174      175      185      184       16       12
      175      176      186      185       16       13
      179      180      188      187       17        7
      180      181      189      188       17        8
      181      182      190      189       17        9
      182      183      191      190       17       10
      183      184      192      191       17       11
      188      189      194      193       18        8
      189      190      195      194       18        9
      190      191      196      195       18       10
      193      194      198      197       19        8
      194      195      199      198       19        9
